161
399 5
397 15
399 24
398 29
399 33
399 41
399 51
398 58
397 63
397 72
396 82
397 92
397 102
397 105
397 114
396 122
398 131
398 133
397 140
392 146
391 149
383 153
380 159
371 165
367 167
355 171
349 175
343 178
334 181
324 183
316 183
304 187
296 187
284 189
274 191
256 194
246 196
240 196
225 197
216 200
202 201
190 202
176 204
166 206
157 203
145 205
131 207
122 208
113 208
101 210
93 208
81 213
73 215
61 223
55 226
47 235
38 243
33 256
30 266
25 277
23 294
22 307
20 323
19 339
18 353
20 369
16 382
17 398
16 409
17 427
19 436
17 449
19 459
20 471
19 484
20 496
19 509
21 520
21 530
22 538
23 548
29 554
35 558
51 564
67 566
86 569
93 567
112 567
131 562
149 563
160 559
172 552
180 547
192 535
194 523
194 511
196 503
200 489
201 478
199 464
199 457
200 442
198 426
197 416
194 405
194 401
196 394
197 385
202 367
203 356
205 348
203 341
203 330
202 326
200 322
202 316
208 309
212 305
229 299
246 292
258 294
267 293
276 293
283 295
295 298
307 300
318 306
320 312
321 322
320 338
316 354
313 365
308 385
310 391
306 400
304 409
304 417
308 426
316 425
326 426
349 428
363 424
373 423
385 418
397 419
406 415
411 412
422 422
432 432
444 437
459 436
467 442
473 448
479 453
482 457
487 462
492 468
499 480
503 484
505 487
510 491

